NAME : pairopt
TYPE : ACVRP
DIMENSION : 11
EDGE_WEIGHT_TYPE : EXPLICIT
EDGE_WEIGHT_FORMAT : FULL_MATRIX
CAPACITY : 2433
VEHICLES : 2
EDGE_WEIGHT_SECTION
100000 -100000 -100000 100000 100000 100000 100000 100000 100000 100000 100000 
100000 100000 1000000 3774 3477 2381 2272 2003 2121 1805 2118 
100000 1000000 100000 -267 459 3051 3586 3485 3891 3713 4213 
0 0 0 100000 226 3063 3590 3458 3874 3666 4185 
0 0 0 226 100000 2881 3395 3240 3660 3430 3959 
0 0 0 3063 2881 100000 384 383 622 631 883 
0 0 0 3590 3395 384 100000 297 237 1121 502 
0 0 0 3458 3240 383 297 100000 334 991 532 
0 0 0 3874 3660 622 237 334 100000 1033 1025 
0 0 0 3666 3430 631 1121 991 1033 100000 1162 
0 0 0 4185 3959 883 502 532 1025 1162 100000 
DEMAND_SECTION
1 0
2 0
3 0
4 243
5 52
6 209
7 888
8 45
9 875
10 600
11 330
DEPOT_SECTION
1
EOF